4802 159 1181 169 1402 2282 1020 4867 3794 601 3162 459 182 3264 3921 2667 2211 3491 4915 3797 4071 4602 4996 2267 2818
3140 90 3868 4857 2495 1179 3262 4097 813 2461 2819 212 4721 3621 335 3207 1123 4671 4567 767 3399 4119 3437 3435 4573 3695 1663 718 1631 1209 2717 960 4914 108 2578 2959 457 2136
324 1725 2913 1127 4634 622 1847 3430 4554 1729 538 2753
4077 959 1083 786 4098 3732 911
2301 733 4997 211 584 3220 1494 863 2785 422 1507 897 2190 3715 1853 2053 3451 4358 4026 3777 975 2637 4625 459 411 2799 4856 3839 1112 462 1895 1256 2886 4195 1096 3006 3582 3899 4314
812 4608 2374 502 4616 385 3852 63 4379 4763 4143 4104 2479 2754 4108 4489 2938 4413 509 3091 2878 4260 3427 1953 1999 30 4421 874
2418 2654 615 2101 4394 284 380 2162 4521 1995 500 3581 3135 2652 2335 213 4754 3503 1899 189 4047 902 2499 3454 2196 552 3048 1118 2098 4993 4733 1712 3554 4531 2836
2666 4253 3614 2708
1999 321 319 1402 4552
2031 887 265 1437 3672 3773 1988 2683 1969 4960 3945 2923 4303 600 938 1543 4914 2852 1535 22 4365 2796 3074 603 3345 3911 2281 3550 1110 3119 4190
3888 1011 4006 4771 508 4419 456 4557 813 3972 4710 766 457 1454 3075 2769 3628 4251 3150 3649 2092 463
3078 716 3047 4918 4673 2707 2357 2749 703 3193 567 3819 4968 3558 1593 1046 2988 2087 4867
4350 4901 1711 3132 3236 4017 1119 2836 3048 1654 3969 4948 2411 3117 1663 4832 4056 2532 2996 2989 3467 4298 1915 4839
1172 3035 1258 1802 4614 296 804 3884 132 3808 4051 720 4011 2256 4235 4641 2362 4583 4395 2289 2722 15 3001 1163 3453 1282 16 2536
1047 3761 3843
2464 4812 3077 4302 4374 1675 3823 3006 841 4955 1760 295 4137
1209 4547 2125 4627 844 636 3929 1573 3903 1977 3959 625 4052 2570 4416 86
4473 4396 3999 3222 3883 4755 2811 147 526 38 1304 2052 2699
4135
545 2308 2088 1185 4701 1195 2897 1897 3053 2033 958 978 728 4815 77 3789 2905 3033 4048 3242 4145 3296
1116 525 3874 773 2055 2235 2594 2630 4715 3290 1944 1587 1373 3451 1116 3885 1055 2029 4091 992 1618 3180 2305 2669 2519 4640 3646 2884 1149 1149 239 1842 2053 48 318 1881
4446 3819 2184 972 3086 4923 2137 4034 180 902 4740 3562 1990 4785 3282 3346 2515 4834 4333 3216 3648 3720 4288 801 1585 3569 4830 4829 591 1787 943
4009 1746 610 2667 3106 3724 4032 4290 1948
913 3448 1779 1823 2184 1962 4198 2755 2263 1410 2019 2432 2307 2917 3799 4430 4983 1651 3220 2250 1728 1986 879 1960 1775 854 2412 125 465 4545 3131
357 4137 1248 1316 769 4265 104 4778 4586 1644
2390 2000 482 2798 3655 1721 3137 1444 2184 4553 747
1708 1755 4274 1245 4522 1170 2175 2263 506 2877 4755 621 2963 4324 1287 647 2938 1639 955 854 1650 158 4353
1913 52 4096 4271 687 4211 3203 2506 1293 2295 2045 502 2683 4047
3020 3627 4741 807 4612 4758 295 2336 4905 1915 658 3878 2143 4274 1954 1944
1834 2195 4414 2759 4319 1231 1066
4717 3255 3187 731
2525 639 3152 2294 3575
2162 2588 3660 4260 2902 1061 2339 4846 3459 3466 3870 4670 3620 1473 3218 2617 2439 1796 1628 762 1872 2029 1751 4190 4520 3787 3328 168 3986 347 3444
2050 3608 1963 3658 3354 4611 1670 1270 2863 2010 3552 2579 1369 4493 2242 631 3046 1380 2260 604
2609 79 2070 3409 2256 300 4241 1934 215 3736 4645 4814 3321 2945 3707 2320 4441 4218 4229 160 4790 803 3125
909
3697 2968 3842 201 4638 4411 4705 186 3238 2359 1053 4266 1668 847 2488 1543 379 781 2050 3446 3996 1936 3255
3409 1398 4715 246 3607 504 1786 2617 2207 2736 3392 4678 1733 3635 1269 4558 2307 800 3062 3047 2233 4946 2887 2512 2389 1164 2165 4932 1547 3309 520 3433 2738 2817 1075 1668 1704 3934
3627 2233 1802 566 83 2969 4640 944 3002 1926 414 2026 3688 1373 3945 875 1186 1407 2037 2963 3892 54 1993 39 313 1654 4669 2473 873 1856 938
494 4574 2467 4532 3752 2334 4403 4106
4641 588 3523 172 2502 1128 2647 2377 2764 524 3022 3346 441 2136 3438 4400 2106 3610 1031 4209 557 1632 1002 2031 2100 40
1745 4971 47
4939 1353 3205 1561 4292 4503 2057 4314 725 3931
1009 2801 3615 4798 3553 3736 15 3113 3841 3407 2396 2076
3633 1756 4466 1953 1941 2050 2956 18 1216 2558 3050 4280 3923 4182 1397 2135 3700 2032 4232 2439 2668 4223 1636 2459 422 967 3259 2925 3447 2462 4128 601
4630 2375 4449 2589 1691 3969 3799 3911 1430 2794 4144 2758 3965 3548 3815 1418 1504 1798 1031 4537 4541 1894 481 3289 182 1702 4219 4164 2768 4257 2911 2800 3233 2917
2606 1913 4443 797 247 2315 4572 2461 3344 891 2916 3986 1216 3319 2180 4101 1324 314 3662 4435 3508 1180 3205 3591 1352 3335 2355 4751 889 2793 4301
4926 4445 148 3586 3651 1470 3657 943 307 4553 738 4950 2651 1440 4329 1956 423 4723 1298 4250 3998 2163 859 641 2115 306 4307 1493 1089 675 375 604 2256 1612 3311 445 3638 4179 3705 2915
2202 3560 3289 1730 3499 221 3142 376 1723 4468 1518
1498
1368 566 682 3799 324 4729 4204 4225 2588 4269 928 839 1546 2752 3181 4041 260 2719 4371 4853 539 1617 3804 1836 2031 877 3042 2331 4380 2063 4892 1750 118 1690 4584 4343
2277 2046 305 1857 2515 2755 2836 1222 2981 528 2426 2143 567 1107 4140 4669 4239 2200 3878 2563 828 774 1877 1786 411 4778 4184 4625 3340 572 1416 2792 4629 811 3727
4924 137 3706 449 1815 4928 4391 2925 1954 4483 2979
4379 1274 3694 777
1364 3526 1522 4591 2296 4199 1617 91 2765 4715 1604 2195 4278 4220 3643 1272 1698 4483 987 1417 1388 2536 3190 2140 4662 1488 4884 4 1246 205 3540 122 4783
436 230 1171 2693 1773 4388 2786 745 749 894 1451 71 3315 3455 681 2154 1808 1347 845 1477 3069 3602 4594 1690 1377 3816 1557 3203 1872 3235 3830 9 4743 610 3792 205 798 3247 2220 2378
3595 617 4887 1737 1436 825 966 2812 241 1966 778 3119 1990 1236 3900 417 3464 317 4768 1321 4807 1021 3153 4414 1133 3067 4438 50 4382 4715 4043 4843 1180 2282 3057 1021 2439
4841 2056 2425 275 4495 2212 3497 2998 1082 4148 847 3501 962 3734 811 3562 2067 2701 2457 2454 4841 2822 3285 4015 527 4943 4447 2988
1566 3373 1285 2801 3203 4220 4241 355 4898 1501 2690 1054 3933 2553 924 4147 727 4848 3251 4598 445 539 3920 4215 2713 3531 163 4076 4927 3065 2472 3734 2104 2751
504 4571 4513 1245 1683 3340 4616 2296 4462 2026 2810 3911 1572 3848 2641 2072 1359 4575 4737 2390 986 3496 582 4988 1389
3411 2843 3904 3459 3009 2026 95 1039 2021 4400 3975 313 3026 4636 2225 3293 1752 4607 3918 1057 1464 4741 3717 4271 2116 4261 3161 1782 4626 400 1367 105 2038 2861 2521
971 371 1703 713
1478 3127 4105 741 4796 4932 1231 4434 3148 2078 3825 4017 155 1475 1819 635 2895 2003 3332 2816 282 700 2542 2385 4112 4743 1289 1643 2068 3773 2699 4087 688 4432 4706 3753 2058 2111 3098
3512 4026 2471 1577 2421 1196
2749 551 2971 581 3068 2896 60 3031 4922 2703 2734 4836 919 4285 1424 1229 1803 3095 4488 50 4665 1606 2916 584 1998 2940 1209 710 4881 3602 790 1986 1366 3964 4385
3873 2149 4952 245 2311 1765
804 1598 2464
3926 4567 3497 229 125 1835 3799 1157 1343 234 2797 1328 4054 2380 1978 710 4820 2702 3780 4551 3731 2240 36 590 1605 1486 1538 4606 2550 684 2035 4155 2025 4880 3901
44 2011 2458 2508 4217 4825 951 4830 3941 4747 4604 4443 3343 1453 3688 4931 4905 2636 1544 3420 3402 4091 2154 4599 3911 1129 1141 747 983 909 399 3640 4001 2436 1402 3018
78 932 2602 4050 3563 3003 4417 1799 4826 1994 2730 2829 1228 2204 3914 49 875 2963 2954
3350 1155 3673
4243 1740 566 1221 1195 1941 3382 4824 2382 1278 78 4133 2394 4633 2558 726 851 1944 1288 750 3543 2524 2988 3701 2653 468 3622 1698 4439 3068 732 212 3875 4993 3517 4792 3830 126
1411 3498 2931 704 3019 183 4000 1550 76 640 2665 3895 1449 4598 3983 4452 4269 1709 2996 1176 175 3001 4907 3886
4581 861 3828 1818 4003 1821 2583 4006 1005 2539 3992 4423 3619 2121 4762 3832
4138 4241 4729 1162 2313 4120 2133 2578 2332 2246 4523 4580 539 4031 160 3215 1501 4667 86 2725 2071 410 4770
3188 2887 3625 4359 4805 981 3375 2420 4195 4233 742 1328 4126 251 3149 1445 1979 8 3439 915 1415 2783 598 2978 2576 299 1841 4954 3358 2642 3646 3771 2923 4744 3021 4837 347 941
1991 4839 2624 3106 1737 786 3476 4354 4667 4422 3299 2885 420 3011 2835
3947 2182 4718 2082 199 1814 1575 4457 4551 4276 1919 1201 4523 307 4291 1402 2969 3162 2333 1333 240 2438 1382 3212 1772 3931 422 3474 76 1294
3350 1772 3748 4584 4394 4801 1271
1310 3527 1326 1713 1174 4721 2722 4409 3788 2079 3951 4119 2679 4179 1029 378 2790 743 1535 853 4980 3038 1970 1814 1520 2021 770 3495 3979 4612 2051 101 1557 4505 3196 3313 4103 195 4329 1890
2640 1799 2008 3905 4266
4836 1908 3871 600 1686 1425 4245 1787 1336 4374 4345 3041 4314 1425 2005 274 4402 3467 4644 697 4092 2231 402 655 3980 4830 3748
4918 3286 3714
2026 3099 2744 2451 1266 4718 2548 2396 3510 1441 160 4766
4803 843 2385 4963 1742 4449 616 3122 792 2109
3173 989 4970 4857 4412 2608 3973 1187 837 4729 1733 2786 2739 2720 998 726 934 2848 4868 4850 4730 1596 760 4000 1645 1510 3476 3292
1840 3157 3913 4390 430
1372 405 744 3028 915
4315 2348 2096 23 2870 1394 2099 4631 1187 247 2405 824 1491 614 2994 1007 1517 4038 1280 332
2823 1584 1726 4075 172 1943 3436 2714 4553 4122 1483 4942 3858
1255 1286 2213 1454 4193 3911 463 3093 2046 2366 1581 2324 283 4858 4187
1088 4121 4674
4764 965 411 393 4844 1608 4633 3707 2285 1587 4932 4847 239 3123 4217 3042 4686 2098 2215 3750 1516 2760 125 383 405 2960 4886 4981 1822 1040
4634 4751 4698
45 3023 4782 3125 990 3609 1796 829 2871 276 2800 3563 892 4010 585 726 1939 4359 2333 79 3676 417 2013 2302 4341 2155 3361 662 2062 3424 3296 2266 1742 3422 1093 3594 4528 1088 602 1280
2789 1722 4252 1347 523 885 803 1303 1946 1206 3933 590 4486 1441 3051 4630 4629 4875 2812 4641 4880 2375
127 1753 3752 1989 4374 1643 3043 2302 2767 1617 4951 3960 2529 1325 2535 2821 1170 2010 4886 364 4931 3080 1429 3495 818 3721 4672 64
1853
1647
1316 3831 1531 2108 992 710 1115 679 850 3345 2149 290 1778 2171
3768 3284 2224 3944
1160 945 3892 3610 1687 1833 1942 1843 4283 2018 1144 330 929 1215 1068 4072 4537 3551 3938 3509 4767 4982 3637 1683 4217 3152 2163 4946 558 2496 4663 1638 4920 3426 2970 288 10 2537 1664 2607
3956 1384 4479 4963 1902 1845 3326 4800 4332 3970 4277 2745 4632 4611 3715 1187 2662 886 3079 2479 736 1745 4886 4967 4193 636 3311 2325 1488
3781 575 581 1499 3743 4262 60 1344 3330 451 524 2314 1627 907 3365 4017 3239 1949 160
883 4992 1973 2202 4099 3128 3879
1021 4174 3846 2725 2677 4622 837 3377 2775 728 3021 4179 1583 3459 405 134 685 2964 4619 2220 3530 595
500 1788 2666 4979 3689 3877 731 1244 377 3088 2505 2028 3764 4799 4119 956 625 966 3132 823 3745 2221 2126 689 3731 2602 3956 1492 3304 3632
2401 3068 1969 2388 2770 4355 1636 458 3212 1282 4421 4757 3637 66 2580 482 490 4537 410 738 1631
643 3986 817 1930 2695 1454 2020 3878 2664 2659 1933 8 4522 2465 1375 265 3419 4525 3341 1354 1845 1304 3373 4644 626 0 2334 2372 1656 2415
393 509 3879 2095 4201 1787 1245 1700 705 3809 4848 2643 1033 357 4616 3297 3335 3433 3627 3543 3785 4018 329
4841 4748 1552 878 4415 1333 311 1324 3598 2374 3544 2659 3849 4963 4831 1071 125 2101 2335 4658 4723 1594 4098 4461 393 1049 3268 539 2379 2760 1027 106 4796 2081 1489
665 3836 1200 2127 4951 2645 2489 3445 579 4642 3015 3016 1993 3144 1127 870 190 500 1989 4202 1935 3075 3202 2449 1900 2118 1675 4145 4301 694 996 3098 4549 4138 3566 2797 1512 2664 917
2942 3835 4151 3742 4807 4230 1565 3830 3985 2784 2858 2369 4370 244 154 1167 2322 1678 4039 3176 1802 4158 3202 4548 671 1242
3827 3510 34 1137 2027 553 2822 820 4315 3963 2665
595 485 1770 4716 1519 2002 349 3972 2072 1061 2275 1036 3692 646 475 110 2246 3308 2735 2002 1659
4415 492 371 3927 4229 3430 4464 3931 4729 3515 4386 3626 2117 28 4755 3818 2162 3004 192 3819 4186
3902 4053 3457 3619 4948 3629 3738 3986 3441 4780 4792 2757 2623 4758 285 4868 2272 2117
1918 3462 83 1066 1837 1588 4343
4900 4076 3788 2477
3531 4009 3830 3984 589 1118 3752 2819 660 4408 543 1553 3577 1589 1490 4712 2101 4236 1678 974 161 1577 2545 3736 4909 1967 2659 3661 310 4765 967 4984 796 2920 1322 4360 2666
2926 3251 3622 291 2081 3591 3780 543 193 1500 3988 19 2720 934 4902 987 4946 3716 3058 1578 4298 4967 3388 509 4648 4158 4955 3216 2155 3854 1236 62 461 3045
550 3810 3925 2446 4911 2548 2592 438 3545 1935 3124 234 3689 1419 2156 4711 3303 3440 779 2078 4944 2590 3512 4251 922 1874 2032 2700 175 2071 3622 380 4910 1156 1096
38 431 3015 1267 3376 3631 1492 2354 2006 2721 2077 4390 197
1432 4347 2740 1752 4074 1707 479 1125 4196 317 1970 4812 1767 562 1673 4873 4597 379 750 1162 3351 4211 214 659 4046 3709 743 2083 3130 618
847 4660 2866 3274 1724 4161 4483 3103 512 2566
2962 4523 3011 3324 2549 1232 286 2636 3483 3551 4528 2152 2446 3034 2778 4790 3355 3799 2182 3128 2686 2350 1730 2778 2468 1445 2144 4401 2246 1188 2431 3857 765 1329 1189 2775 425 828 1797
4895 779 3977 101 1640 2743 1778 3673 3196 3456 1279 672 3362 2314 1488 560 1220 3375 2477 2340
2216 3062 1465 4131 2143 390
1747 2817 4265 1270 4781 4903
1020 839 4283 1800 3200 3109 590 2463 4865 2589 2184 2192 332 3784 2466 4421 3958 450 2861 2502 3796 777 1250 1844 3826 2812 2298 390 2574 294 2581 4697 2853 2361 3080 2226 4253 198 4763 3414
19 163 2700 4802 1917 4859 2731 4039 1960 1137 186
4623 847 4078 4661 2312 1461 4405 284 4761 661 2701 3892 3992 4379 1092 4963 878 2379 1217 3185 3807 4773 1854 3462
1911 2106 1051 3757 1170 2764 4907 4793 683 4961 4441 2460 3898 1405 1904 246 4458 4446 1078 2569 540 3747 461 3874 984 3797 1505 3424 2004 684 4632
1684 2416 1193 1167
4377 1115 4971 2720 113 881 1658 3511 4345 1646 214 4856 1636 1090 764 1364 2685 1572 214 2564 4708 3696 1419 3367 4911 4382
931 29 2071 4397 4052 695 2248 744 3524 2388 1677 1019 3582 2075 2621 3739 3242 3920 728 4861 3613 2927 4304 3839 177
147 2046 889 357 1050 4530 3792 4960 2811 4623 4503 3522 913 2938 2721 2432 4827 4960 4719 3993 3466 677 3056 3381 404 3282 3049 3453 4209 865 3359 904 4163 1100 1174 4735 4653 2242 739 357
3497 4912 4706 1185 3895 3265 2994 4124 1646 3230 2134 2355 2488 4642 1614 3794 2675 80 2155 1713 3924 1569
2876 4211 2553 132 2773 3717 1236 4699 1031 4163 840 4621 1599 4758 605 1816 1596 664 3097 3557 2063 3745 3981 2155 3166
4885 3680
3331 2303 2331 3398 795 4998 2285 2293 1075 4511 3779 2504 2704 926 4625 1973 1877 4991 1642 3419 1435 4284 4261 4877 1471 2701 4609 3199 3645 998 2698 4004 1703 550
2879 3265 4854 3889 2234 4940 2068 4627 609 3386 3242 345 3153 2432 1064 4193
138 302 2361 2778 1572 255 2010 771 1884 295 950 368 1595 4090 3865 4566 2631 995 4114 2662 2522 1125 2551
370 2651 731 3229 2879 95 147 4773 2562 1416
3885 4167 183 1939 2222 36 76 1879 2345 3339 1531 2933 4369 2105 3406 3477 2503 3842 4884 3445 3007 356 3119 2538 3652 312 2694
1674 4535 3096 1131 429 2212 319 394 1774 998 1134 2199 1516 2984 1458 546 1260 1514 1512
1437 2932 1628 2645 2073 1243 3175 3074 3647 2421 1853
573 124 1163 466 109 1471 4221 4683 2463 1834 4293 828 4148 518 438 3835 2878 1824
507 3297 354 999 3859 4076 2389 3666 3042 392 1911 1035 1510 947 2878 2815 3986 3157 1793 1800 1092 1197 2743 4151 841 4030 4064 882 167 3568 4823 1868 653 393
3770
4252 1350 611 2810 3607 3928 3654 3562 2294 2430 1071 4672 567 3960 2519 230 3542 3905 4208 3847 2489 1868
2772 2137 1830 630 3918
4509 2401 3409 2290 2427 2762 4396 2908 4992 295 636 2383 4472 2753 909 1865 3622 1553 638 1440 145 2829 3991 1699 4827 3639 4686 2613 798 3350 4143 4798 679 2712 1675
3983 2614 2512 807 2077 1330 1844 1397 1481 1986 2716 959 453 3697 4840 268 3127 862 1143 4866 4974 2536 4551 2490 2970 3932 2565 1369 558 3829
3533 2272 4072 3978 2870 1980 929 788 2377 4124 1713 2066 2822 4535 4077 2702 651 4892 1133 575 2828 1423 2499 4328 13 1792 931 1295 596 1003 1036
3977 3804 4143 956 1396 2952 1632 4997 3938 4244 1048 4568 2621 3183 248 4112 2527 2607 2857 4209 4619 463 4822 4414 1511 2344 4046 3669 3094 2480 395 3802 2121 2282
3490 661 1525 2006 1556 280 208 3053 447 1965 3871 1056 1961 1757 1880 1853 4226 2935 232 121 2950 857
1953 1331 1635 267 1489 3177 4608 4013 384 3918 105 1384 55 4548 896 1450 1739 4918 1792 2698 2161 9 643
4263 2639 3010 742 2327 1622 4036 1185 1362 2581 1032 4 3517 3892 2503 3408 3940 3480 965 2079 1893 3139 4970 1139 363 3499 497 1677 4988 3278 1360 4462 491 3925
3999 2099 4943 3744 1310 4745 4932 4642 3530 2874 4615 379 4542 3587 1074 2642 500 2683 3378 3007 4073 2924 3187 1785 4536 4060 401 2889
3544 3767 3084 1539 683 3724 4021 2492 989 304 1396 4314 521 250 554 4880 48 362 4802 3994
3517 756 3363 2944 1413 1967 3378 855 1687 3437 1226 4565 175 3146 50 249 3794 3840 4306 524 3765
1534 2086 2857 3793 4291 3706
4035 4885 3189 4102 2568 2081 4981 260 4240 686 544 3349 4961 4668 2232 1424 2080 2391 4396 4783 1301 2151 2002
4234 4266 2219 3772 4129 347 1115 3892 3178 737 2924 3034 4279 3609 3293 478 602 261 3604 1943 387 4094 4330 933 3919 1289 1378 2649 1015 3677 2972 1452 3879 1083 2131
3323 2211 4159 1102 2900 4190 2189 4636 1760 4229 4684 454 12 1811 2977 1373 2654 2643 1967 4387 3704 4087 3732 894 140 429 391 3727 3604 3347 340 4385 290 1694
4029 3476 2477 2890 2812 288 4773 4027 1637 179 1256 2331 4961 4890 978
203 1147 4775 3211 4459 4530 2557 2988 2209 4370 3832 196 3420 366 3051 3881 2421 1520 4757 2495 3787 2236 1612 2818 4471 1523 3856 1935 2238 4189 633 2560 2102 2619 1584 616
360 488
3281 2710 1201 1075
4813 1841 1176 2700 2062 865 4481 4238 3220 2720 1721 1792 3480 1068 2341 4441 3700 2127 1583 515 1923 2650 4048 4845 1021 1154 2274 4217 4069 915 4402 360 4655 3259 342 4091 751 3621 570 7
3238 1906 1204 1526 4706 2139 175 3421 209 3476 691 3626 717 2096 3883 1324 57 1892 62 159 3399 3404 1868
546 3524 2562 605 4287 977 3745 156
2544 1323 2952 4388 1829 2184 3194 2272 2178 4651 837 3782 1332 2107 1497 1992 428 1138 4384 280 3393 4943 2821 4308 2239 244 3301 3868 3147 158
2134 4513 394 2578 2104 2246 4795 2100 2367 3220 722 3741 4491 1786 192 2434 2362 2347 4049 4625 3669 1462 4284 287 1569 297 1277 2291 2532 3254 131 4515 2835
3945 4143 1305 2725 1613 2530 4738 2345 3009 3154 1616 233 1867 474 4780 1583 724 4718 585 2228 69 3269 859 850 3991 307 1238 2834
2438 377 2063 1080 2179 4282 1411 4118 3093 2926 1997 3034 1504 4729 774
2681 4641 2178 3455 3567 3174 4668 1498 4600 4858 2462 3879 2870 4739 3828 4651 1132 1997 4622 4054 4045 4588
63 65 3488 4066 430 4818 2294 419 948 1803 1766 1370 2214 1537 1172 588 4712 219 2643 2502 1255 487 4484 4250 4480 3052 1112 4449 2193 3405 2053 4158 3795 513 3144
3124 2728 163 2593 4847 1699 4304 3270 3582 3482 697 2203
4478 35 251 3292 1259 1935 3975 4377 351 3759 1509 997 1869 4047 3800 3884 1833 2974 2851 1046 1777 4429 4942 1448 543 2500 578 1275 4861 267 1809 216 3935 447 4452 1172 2410 3241
1901 3435 257 3891 4318 4209 1676 4684 1195
4819 2455 1277 2631 3335 3368 3568 3793 1341 2273 4079 4775 379 4917 116 804 1599 4806 927 4362 193 983 4055 2762 888 3677 1230 1403 123 4417 1367
1769 3681 3950 99 4412 2742 3351 708 2022 3945 3559 4669 59 3016 1864 4792 4511 4392 4307 118 2463 2350 3732 692 1903 1642 2958 915 983 4823 3650 2834 4961 2988 1734 4380 29
972 4949 3576 3683 550 1325 3870 2954 104 4898 2301 3823 2493 3686 879 176 3257 3691
3048
1500 4007 3713 2963 3859 445 809 2908 2847 2463 2016 903 1913 3419 831 4057 29 930 3400 3819 1816 3345 1721 1615
893
3084 3886 4403 2463 2489 2838 729 3722 3933 2039 2346 2648 4214 2719 376 2758 858 1302 218 887 4903 1752 4590 4907 4488 2579 1693 1512 87 2956 3378 4909 274 3968 963 2037
349 4691 1335 2245 2438
3152 2659 3692 1134 2591 2907 2476 3231 1279 2649 1058 2021 1464 372 293 3594 1783 2868 144 2266 2631 4892
786 2046 1703 1142 3904
2089 1289 2701 1297 4360 3741 2499 1906 2307 3454 3598 4278 1697
3366 651 3492 2773 4533 3266 4922 3512 651 4690 4067 4484 2050 791 3624 1291 3074 2555 2558 1120 2121 1413 126 4756 1235 1775 4682 2629 4281
1388 1145 4804 4014 4040 3826 3353 2419 3508 2960 1326 3810 230 237 556 2128 2052 635 119 3151 2353 2589 3224 4405 1225 2243 4330
4034 2317 2963 394 3778 2437 3246 3523 2401 4156 2946 1440 3843 3648 745 2257 2893 4095 202 559 2319 2162 181 4918 2808 3735 901 3727 1908 2907 1336
3004 1644 1316 3632 4344 4833 4288 4225 3801 801 4926 1379 2259
414 1037 2729 2618 4301 45 4592
4893 3094 4402 242 4768 3636 174 4184 870 4160 2681 3067 846 1556 4129 3923 1029 4781 3938 3510 1295 4173 1749 1977 711 1709 2813 3399
4804 1362 637 621 3333
3275 4427 1326 431 1189 3596 4855 1804 3932 2141 2077 2280 490 3104 701 1977 2174 797 651 1255 878 4188 4290 991 4252 3833 4628 3997 4284
2386 643 670 2645 4278 3015 1096 3251 3249 2433 4953 73 3373 2552
4297 4666 2580 4873 1970 3735 52 2065 868 3111 716 3546 3979 4948 3185 3737 721 1363 3766 3591 2855 3885 1269 1973 2280 4284 1033 2388 2255 2473 2416 3806 4127 872 1176 1187 886 1020 4901 819
1818 3442 3658 4224 3019 4367 766 1069 4478 3223 1232 2891 4633 4801 3128 1018 2094 2611 1899
3135 2717 1691 3270 3222 1122 3396 1446 3560 4238 4578 1450 4930 124 4072 3704 4811 190 2028 2114 2718
228 3965 2069 2045 4143 3874 2313 2949 1129 4996 1565 1811 4337 1075 2456 2121 934 81 262 2362 3024 1862 4217 2702 3140 1155 3515 2777 2799
2863 4394 3394 3354 1479 2838 2369 3993 1926 632 4990 4971 2212 3313 4968 1877 3548 2287 3382 1259 2147 70 1872 4300 1149 244 3300 2667 3469 1632 1340 2087 2914 402 663 4049 226 307 4759 36
4726 4552 559 3807 2264 3818 1702 817 3299 4185 1383 4415 548
3299 2856 4235 3271 1177 3375 2434 516 1909 1497 3958 4000 489 1370 3109 1965 4023 4074 3317 1091 1052 2776 1055 2861 4046 4536 2709 4102 2424
4069
3828 283 222 2666 2053 2277 4049 2855 3159 3487 1011 1255 2626 920 4207 4454 3361 2613 2566 208 2826 3837 3882 1802 1834 1506 2017 2851 787 342 3604 2694
812 3714 1523 2422 3599 2098 3378 4754 3713 3723 1175 2478 4529 2209 3864 1039 808 526 1390 4173 2473 3149 4505 4573 654 2196 3864 3269 1347 1110 3431
1657 3947 1736 4071 1625 1673
4209 2690 4471 836 4549 423 3201 2490 352 1938 4240 165 2192 850 2891 1668 1604 1495 4802 4444 3810 1424 3483 2889 1280 1378 902 172 563 851 1210 784 181 1064 2529 189
402 1265 632 4725 2203 4690 2575 383 1981 861 3134 3305 778 4761 3795 1843 2368 4345 2803 4217 4656 77 1704 345 1880 4028 4859 514 2659 4786 1363 3547
2972 898 1026 720 1650 2405 4458 3521 1628 2033 1221 70 107 2566 3326 5 3183 3853 863 3288 2146
4257
2842 4703 1587 2815 2189 2581 1005 2527
3109 663 3999 925 926 185 4215 3319 4539 962 628 1622 3780 4180 1918 1422 1645 1305 2349 327
2645 2956 3049 3322 2288 3976 713 74 4361 1762 3371 4783 4736 1668 3751 761
4712 874 2790 3955 2993 172 1375 1539 492 944 4435 2547 366 1036 3855 631 4645 670 704 3344 2841 882 2303 893 3679 4290 1550 3179 234 2615 4012 356 2214 2049 3786 686 1120 1351
254 4804 2962 2152 956 830 4013 3425 3791 338 3236 633 4557 3830 34 4112 3496 3467 3297 4829 3060 4384 2187 1647 4098 4587 4990 1553 761 1555 486 4060 659
2108 4056 1195 3051 2983 1880 2735 4587 1483 942 311 960 558 3662 2214 2688 4099 603 2342 4745 4068 1187 1177 3335 2310 1707 2434 1094 1567 4141 284 736 2386 2597 1461 2671 3733
2592
2663 4425 590 2235 1962 4450 4125 4998 1917
1763 2494 4153 1686 2565 175 4275 3136 3279 897 1624 2790 3167 354 3910 2972 4326 2221 3643 1285 2071 2031 2186 2334 1758 3273 1486 205 1409 1421 4637 1354
4662 3463 4510 2892 92 1396 4985 3452 2833 3275 4856 540 3865 405 3011 513 300 309 2813 3736 2653 1115 4523 4055 229 4064 686 2114 416 3287 708 1866
1025 1493 476 3784 3925 4018 1923 2947 967 3249 1780 1540 754 1085 2227 3432 2382 3573 2294 1320 2072 1512 1987 3238 2421 973 777 1780
2727
1681 2915 3016 2123 4288 1542
3363 3769 771 3864 4545 1795 2537 4328 3523 4759 2582 1282 2670 1358 2388 2618 1822 3941 4786 3954 887 34 3219 3960 3112 1243 391
1807 3268 479 2434 4837 152 2181 3414 4360 2530 863 4630 4275 4642 2922 3783 4493 4129 2294 3639 4999 4073 3629 2663 4986 4382 2329 2484 4464 67 4023 4693 1283 1556 4699
3910 794 34 2477 1087
4775 3092 2308 906 3317 2912 3135 4700 4114 1053 3153 2481 112 4982 3531
227 4320 634 1824 325 4457 2785 706 806 3202 1980 96 349 2776 1559 1122 199 3663 2293 3747 4982 2895 666 480
174 4410 4789 883 906 1910 3398
833 3190 885 3211 527 1474 2612 1953 4882 4578 356 1590 4030 647 4390 1189 3387 54 3458 4058
3225 3577 601 411 906 612 671 4629 4230 4010 319 4261 4482 1202
4911 4916 3390 189 3254 4629 2104 4480 1975 1669 1288 170 1484 4025 1672 501 3706 743 1276 1231 4991 1022 1871 2839 2055 2460 3770 1090 4798 1574
2382 4237
4972 980 450 4569 2545 3086 4080 2683 3452 3419 4568 4146 2078 2005 4744 1860 3368 2021 2080 4858 4405 390 1671 4442 1647 1127 4982 3587 2490 4530 2900 814 335 4426 2902 576 1426 3876 1040
4222 4563 751 2560 2073 1091 4865 4380 3499 2707 4609 2344 1090 4928 1271 2393 2850 2683 2284 309 4286 3233 2317 3177
2421 2084 866 2162 1080 932 2117 38 4645 4736 4741 4192 2665 2304 2497 2099 3163 697 2658 734 3432 4751 3287 445 2579 4951 1888 2363 674 900 320 3084 1723 3639 396
2773 3008 3590 468 347 104 1043 3975 115 1826 1817 2024 3841 4882 3509 4492
3629 1339 1468 3704 2006 3818 548 3060 2038 4865 4607 3318 673 259 3428 690 4100 1928 4619 1740 3590 4141 799 4607 4972 2601 415 2198 2705 3444 2483 3764 3310 4031 1629 3795 2562 108 1957
1246 4364 4620 1184 3676 2005 4207 3256 2096 3801 610 1428 1721 3657 2698 3539 631 1158 4447 230 2229 3229 299 489 4106 3249 2667 1775 958 3105 3251 3678 523 3106 4899
3439 1492 1524 1167 1633 747 2865 2746 3857 2897 483 56 4195 3084 4413 1227 3878 4504 4336 1740 1295 1439 196 3684 1378 2971 2356 556 2081 483 926 1790 4172 3822 1627 2105 3960 2753
2107 4158 4220 2277 627 135 4314 2413 3262 4118 4908 4193 2256 4405 4491 714 1497 45 2399 4048 4055 951 3906 3630 1151 4158 4162 4969 1725 3789 7 2050 1020 4243 3327
4528 892 1576 4459 3551 493 1120 1909 237 1530 4381 4896 3472
4705 1538 2430 659 230 3368 2980 162 4884 2425 483 2142 1508 1864 2035 8 4126 3110 1104 2481 2953 2860 338 1055 831 468 1968 3324 1456 1465 2254 3035 4440 3851 3885 45 4231 4550
2246 3675 242 4099 494 1305 3880 906 3767 240 4789 2376 42 919 1262 2251 2674 697 3913 2058 3304 4186 3106 967 2978 4013 144 1210 1942
4149 1404 91 878 2897 86 1770 2561 425 2884 1524 258 1115 3090 4567 1330 4854 3709 1354
1320 753 1522 1314 3240 3213 133 3007 3701 565 1739 1799 1294 4870 2914 2648 2157 392
1998 2705 1902 148 344 1892 1570
1664 1415 4523 1152 502 1556 4174 4291 3296 1620
4492 2586 2546 3604 1227 1417 4001 2482
953 1012 2923 906
1508 3915 2274 135 1433 4109 4846 217 1376 4054
647 1309 3657 3314 1919 1461 1742 4271 4599 4847 4765 1736 743 1648 4042 346 280 611 4572 2765 3917
2713 3912 967 1882
3376
1172 1137 4890 996 3910
4867 1781 1129 2836 4932 59 4379 4592 4176 4429 4285 829 3381 4613 2046 4423 3012 404 4712 1956 4277 4828 146 3313 1037 4890 740 3531 3017 3853 3052 3518 454 145 4693 3541 4059 1805 610 2960
207 4237 122 4093 4056 3168 882 902 4139 2916 3883 1347 2284 64 734 2033 4811 2685 4047 3155 2947 3025 1723
1242 2735 4171 2431 317 2023 1015 2190 1208 2272 3207 4479 2207 1868 492 4239 3339 4040 1794 4507 2413 1030 369 2238 2642 887
2011 3188 3903 3070 928 3272 4394 2926 4063 863 1729 4370 2563 1014 388 2343 1200 1492
1100 4674 739 115 3478 1281 2431 989 769 4640 2564 4523 3582 902 4357 3360 3604 4488 3505 4064 2206 293 241 2929 1673 4165 1785 4332 947 4372 3883 4569 428 2197 4284 3952 1958
4341 2633 1408 1305 1898 3271 2973 2317 3417 277 4328 4051 4658
4201 4079 807 2035 3401 946 4104 1158 4328 2447 2383 1472 3264 523 1904 4390 2460 3987 48 4702 4489 4731 3297 3577 4441 2977 1044 2812 274 1554
4412 598 994 4645 2710 442 2521 1227 3743 1665 294 3207 3648 3184 1919 4535 4031 1773 1861
4329 2489 612 104 115 1605
3027 3180 764 2169 1587 4456 2173 625 2818 383 288 1740 3812 2391 3434 215 1520 3504 1135
703 1935 3017 4568 3497 2374 3122 2427 1054 3404 3685 1448 3258 1356 1796 2116 655 1045 1563 723 3091 1905 1714 623 4131 3446 3970 4349 1688 4133 4075 1138 3187 738 4416 847 1109 2102 4928 3914
684 1420 2858 4406 4587 2068 253 322 3073 4572 2122 1489 2946 3017 3833
3973 4171 3728 3966 2571 2700 228 4184 770 3416 4215 2502 706 4925 604 407 4720 3626 3949 4376 4814 4914 330 3045 4929 4425 789 2800 1588 4968 4988
1686 1517 3862 3146 3665 949 3991 1782 535 3323 3181 1304 2141 3926 4952 1607 264 1672 2606 4314 3814 139 177 2015 2680 2359 3629 3475 790 2243 306 1860 854 555
2603 2416 3488 3961 1158 3683 4746 280 2561 2383 2675 2804 3626 1217 3040 332 316 1490 3045 932 2924 2628 2570 4456 1380 3309 95 2110 4364 863 3302 3701 3201 4901 2812 1816 1866 3909 1909
3549 2591 598 3221 4765 4179 223 439 2330 4575 89 876 4649 2389 4653 4308 1691 1070 4249 781 1544 2392 1376 4632 3769 1763 1196 598
45 2482 1605 3418 4437 2547 1076 3852 624 2908 2311 2990 505 4523 3325 4793 4728 4969 3325 1147 1113 1356 4221 4352 2150 2886 3081 4849 3708 106 3712 2678 2056
2370 1020 4439 3313 4086 4545 2403 627 3663 1773 2495 766 2887 4298 2915 2693 3771 2841 1771 2493 3257 4526 3885 3093 3079 1449 3039 4347 2107 1636 2415 2956 2291 2160 1139
457 1230 2321 617 49 3626 2663 2883
3594 3982 3512 4269 557 76 4921 1343 1898 1191 2746 2906 693 4102 1957
2243 1115 4017 2679 3741 4033 2515 1643 376 759 2229 2544 3854 3889 749 1542 2213 1039 4589 1086 3324 1852 3992 4070 3065 1657 71 4508 1286 2001 102 463
2623 3115 2531 3774 4995 630 4416 4514 2683 1150 3081 4501 3918 4253 3931 594 3331 1632 886 1842
60 3955 2557 3395 3992 783 4632 3277 1128 4667 326 1362 2651 3509 3676 631 2477 4650 1988 3433 2709 2147 4302 2538 169 4585 169 640 2322 2680 4284 2833 4345 3969 2203 4273 1782 1015 1722 243
4730 4728 3220 4776
1545 4932 3763 3771 4846 2238 2289 2413 1367 2626 1510 4126 1587 212 4939 2123 1582 2656 3061 3172 3234 1019 1621 3141
501 2320 143 3245 2434 1705 3558 320 3733 1135 1431 2288 2250 3974 996 2676 1046 906 2001 1407 4883 2497 4748 1015 241 2006 1873 3928 1333 2957
243 2748 1674 1315 2829 1928 1917 3171 2731 4223 852 4178 3085 4505 1776 3142 605 560 1017 1086 4355 3654 900 1725 751 2118 4295 564 4303 1197 4631
2634 447 4419 4232 206 3042 1148 265 429 1831 2193 769 3674 481 1182 4252 4370 4294 2382 1745 4267 4692 4041 1594 4235 1388 4905 1073 4047 1821 1471 1422 4088 3160 2859 3855 1004 2183 2381
202 4098 1585 4982 3945
866 4013 3277 355 4821 1727 1937 594 1141 872 1418 935 600 362 2141 1111 351 1917 180 107 2639 1997 3900 1265 1065 1139 326 3593 139 4036 2941
1509 3910 926 4028 3667 69 3955 1627 2391 4713 3372 4278 3521 4414 1319 167 4385 159 4485 186 2228 2596 3063 3815
4525 620 2086
2758 3435 2004 1468 110 86 2095 3472 3810 2200 604 1601 4956 3019 1492 546 159 2162 1779 3181 2467 4884 7 4980 2653 2441 2356 2924 365 3770 2185 3 1311 4453 2689 3612 2 3823 4042 2561
4143
4890 4330 3617 2853 4272 4581 4297 4620 4833 397 3612 4733 4789 992 1736 3318 1286 3087 238 4402 3165 2488 4008 1713 3205 3267 2316 2713 1072
3100 3722 3109 792 562
2989 2629
2571 626 2914 1038 976 1938 2247 3582 1281 3829 4267 510 1511 460 2866 4364 2087 4038 1169 1005 2694 2052 812 3076 4927 1958 4570 2182 4107 3257 660 4524 3772 1057 4383 3853
4584 153 4485 3443 393 1205 735 2886 351 4537 2467 3282 2354 2105 1084 3580 398 2023 566 2270 3380 471
2652 3616 4441 4935 3199 3877 580 3916 2930 3704 1419 24 2906 4218 3 2670 270 3014 4519 616 66 1260 1587 3958 4810 4042 120 4309 1503 1531 3091 2450 1519 3345 3900 910
2719 3775 1990 2248 403 4150 2522 4640 3702
508 687 1394 380 854 1160 1539 2007 3689 2751 1643 3588 4367 196 4658 1853 1335 1349 2991 2274 3469 2943 2136 2110 1316 2529 2620
3093 1134 4732 1947 1924 1022 1380 242 3119 3166 1103 1857 3328 2011 4518 1396 2020 3377 4702 299 2807 4465
451 2956 2350 3136 1420 243 3277 2321 3757 4478 1538 1623 2526 2273 242 2361 4331 2325 452
2177 2984 679 4611 4097 1716 24 3474 1094 3698 740 1229 3033 4448 2968 852 768 1754 3400 3622 1320 3955
1823 1064 2177 4484 4464 216 1463 3170 1107 3181 4410 1597 1512 1728 4153 1509 1153 1042 3799 2902 3308 2818 1285 383 1236 36 1443 865 4947 1575 2432 3702 866 55 162 2911
3125 1964 893 3775 1211 1531 3658 964 1949
2518 4511 198 3804 442 3952 2666 1487 389 1342 3036 3914 3216
3531 3943 55 4071 2411 3141 4271 290 292 1216 1019 839 2781 2539 3116 981 1257 3732 2152 4314 518
4231 4577 3588 9 3179 2854 3399 1556 1118 4914 3404 4751 3434 4457 3732 4192 3599 207 4963 1143 3991 2252 4162 3722 4723 1143 853 38
4722 4414 3160 2718 1093 1237 3253 1884 439 4869 252 2179 2818 3968 3804 1316
2527 4565
2390 1760 1458 1392 2248 196 4520 1294 1270 4872 675 2142 2745 3863 4734 2138 3206 1096 2907 4814 1084 2579 826 2160 4419 4282 1680 4873 2604 2196 3608
2007 4255 7 4722 798 4412 1125 4858
2592 3174 1958 3634 4633 2143 2884 3324 4700 1341 1472 461 677 2908 2914 2065 3582 666 70 260 1348 3356
2246 3483 4324 658 2909 3855 386 1060 43 3514 206 3819 4606 2887 1658 923 4280 976 4401 279 1462 1087 255 2195 3240 3285 4934 3386 4857 1002 2784
4055 4290 4771 3756 4069 1068 636 1937 2543 2686 1712 4348 1141 1273 4475 3369
567 3945 1944 2685 2629 536 3336
4621
3836 1760 926 4605 4219 1231 4246 1368 4281
1914 1736 1682 3026 3538 97 3995 816 457 1262 4071 3381 3768 4407 3343 4769 330 584 282 1423 3894 3714 1392 474 3959 4710 1846 2182 2556 3170 2777 4983 2558 962 3628 689 1906
183 229 4816 1458 3884 4047 4608 3536 2299 736 3598 2707 1748 1062 1311 3137 31 3204 841 4841 2398 538 1154 4179 4166 906 3607 1775 203 3956 3229 2938 4403 1765 779 436 3787 4877
3466 3138 2724 4817 4703 86 2324 4755 2334 101 601 2268 2212 52 609 3395 4731 1973 3769 1968 106 3132 2585 1181 4371 3353 3558 1353 3738 4537 599 1985 3862 2146 4785
4461 3034 4645 1313 1251 907 1841 1525 1083 2770 2624 1957 4968 3468 4404 1798 872 4096 3210 3445 1175 3469 345 265 1086 2050 2148 4853 1215 3097 3332 4163 2134 4387 128 4803 2771 2882 2452
4459 2135 677 3941 3709 3130 2806 2250 4120 1207 1834 359 3762 2479 3238
4486 3090 234 473 2115 2495 930 2891 1200 3066 2033 3391 1726 1016 3703 4639 4620 3677 4261 1756 262 765
4131 4402 1136 2202 2953 1621 4648 3004 1084 2847 3087 3071 3483 3503 1711 3633 830 2315 4285 168 3799 4043 1233 1283 170 458 2744 3897 2818 15 4914 1179 1990 791 4229 1175 2403 3149 945
3217 1358 3846 866 1600 4530 437 3104 3555 1904 1148 186 2208 163 1281 3568 176 1078 178 412 931
3030 4815 3332 4882 587 4472 1971 2482 1730 2688 1035 3709 2738 2232 2634 433 595 820 150 2349 159 2036 1532 2144 1622 3504 1860 2276 4437 4928 2329 566 4519 210 3969 2217 3915 2542 2595
4049 2086 1281 2927 1259 459 1301 3460 4056 3558 946 813 317 3800
859 2017 3552 4511 4078 4547 1078 4936 2340
4456 3909 1389 795 4199 2792 2021 799 3490 3188 351 4644 3386 3273 2715 4994 1824 2302 3688 1850 4070 2848 1056 4755 4047 2979 2958 2734 162 3183 2980 1380 4387 220
220 1349 4304 4787 1372 4457 141 3348 2876 3440 648 2009 2394 859 3405 1367 955 2043 3300 2642
4389 3639 1137 824 3859 3271 513 525 1950 3828 4415 760 4726 3914 2568 996 275 4619 4765 3827
3107 1563 896 4711
4209 3500 1282 3370 1499 2983 2766 4043 1307 298 1138
3849 1985 4608 3829 3708
875 3704 2120 3108 442 3115 1577 1131 4855 4328 1690 1588 910 3228 2078 2146 1829 3833 3123 1957 3679 593 631 1387 3499 451 873 1950 2817 1514 3342 3862 1652 4786
3243 662 408 3891 3453 1732 210 4939 4404 4855 2947 3537
2497 4822 3719 781 3285 174 3285 3081 802 3575 4179 837 905 3185 4786 3430 1568 194 2984 806 1300 3883 524 359 1209 4468 256 225 44 4435 96 1625 2920 529
2855 1929 642 3347 3545 263 1377 4013 268 4266 3073
3970 3557 4305 3415 3314 4166 2294 724 1128 1721 985 3331 2904 1192 1571 85 4213 3520
4768 4664 1604 4819 3527 73 4103 4468 3716 4612 3067 3032 2408 3214 4680 117 144 1152 3505 4615 2596 3953 2574 3847 2895 2401 4412 2338 1575 4598 3082 3189
4075
2209 2623 3234 1811 4077 4505 2359 3212 405 3777 2151 1753 2170 2690 2617 75 2438 2801 1518 234 796 2084 2844 1412
2096 1623 2727 2994 3904 4695 1638 1335 3090 4956 1451 3761 1652 1272 549 431 3383 4520 3054 3721 3681 656 1615 1136 3857 3140 1472 1400 3449 3407 1251
3983 136 3812 722
1359 2994 3344 1568 53 4160 1539 4669 2468 4974 1950 2852 2131 2197 2139 1520 1942 1741 3564 1852 3979 3076 1873 4330 4356 1309 175 4602 1237 3145 2396 1055 2719 302 2533
661
3726 1322 577 937 410 2099 1514 4344 303 2801 3933 4635 1851 512 4491 4819 181 1760 796 1346 2414 2641 4686 2753 746 929 1235
2072 72 4455 1699 750 3491 2623 3608 3293 4564 4987 1957 475
3560 2889 1351 1283 375 1906 4768 3190 4875 4389 2278 425 2579 98 2952 3815 1784 2024 2652 3589 1982 4955 4170 2824 2233 1972 3411 1386 3321 4965 382 1372 1608 4286 3251 226 2723 304 2648
4995 76 1185 1519 1635 3684 40 1374 1058 3085 1115 3664 4570 4994 3840 2680 2691 608 223 654 2565 1672 1715 4906 2146 847 2094 3493 318 1223 2371 359 504
3132 4037 1624 420
4286 1307 4945 2338 830 435 1468 3163 896 1215 2601 1293 2709 3459
2811 3304 4747 195 3194 2560 3981 1885 1171 2280 1816
2762 3756 2684 1939 1751 4103 3169 1081 2413 1868 2442 2137 1410 511 2997 627 954 3268 4691 1853 3241 4100 1650 597 3006 4460 1180 798 3995 3356 767
4249 405 1061 4684 890 319 725 2288 3263 4328 1348 487 3761 1329 205 4517 2756 3382 2922 3864
4475 3211 3403 1969 1265 4613 3426 4099 3193 3355 2328 2011 4805 4418 2293 1503 2703 3590 1520 1818 1371 976 1829 582 1190 1452 1684 4557 1922 3923 4800 1934 2083 3766 2168 2499 1888 3550
2991 2339 3019 4598 3586 2828 586 4560 3584 162 2748 479 1435 3990 4933 2359 1245 1298 1755 3120 769 2536 1059 3458 2388
1173 524 1994 2915 926 2876 2444 4091 3555 3619 3733 2300 1336 2114 1027 1054 2350 62 661 699 3140 256 3312 2127 241 1789 2737 4203 1932 3961 4465
2145 2982 430 4094 2560 1833 4385 3488 1939 1816 4513 570 687 622 1793 166 4871 2259 1583 1271 4531 492 2381 3907
4263 1423 8 677
2973 4988 955 948 2870 3401 1597 3253 3714 4069 3575 344 3685 1825 1077 3677 3823 1446 817 2000 1960 617 1016 3084 1621 1808 4329 607 1431 398
311 621 1720 1311 1144 2024 4765 4541 122 3134
2410 2401 2326 360 935 1428 4675 3751 1862 319 1172 1517 3394 4472 3753 1537 2432 3294 1966 1041 4847 3263 3857 717 2581 583 352 4761 3844 1521
3208 2552 125 1788 136 1597 140 2783 4627 4965 4937 3799 256 4687 2727 2678 142 2268 1312 4323 68 1684 2608 711 2769 3966 289 4297 4889 1181 3480
3088 2286 4838 1336 730 4676 4165 2051 2743 443 1910 2327 3474 1677 1055 1551 370 1372 406 2596 2933 294 3727 1226 3914 3397 1578
3466 4127 671 3403 4408 1246 927 1242 3428 3536 978 433 1048 2057 357 4794 571 4003 4883 1474 1859 2140 3089 2248 4263 2659 3083 3540
4617 1860 3210 259 3093 4005 4033 185 1809 1596 69 3421 1756 2277 2284 3303 4140 3930
2153
4202 4426 1918 4529 4140 1786
2925 4609 682 2014 738
4598 3030 568 4195 3157 2921 4300 4022 962 3218 1495 1943 4696 723 4340 80 1403 3675 126 1603 1018 4562 1141 173 2572 841 836 4518 1584 2898 422 2115 35
3006 179 1230 1179 1849 167 3808 761 2591 4754 2131 1167 4178 1630 3481 3782
776 2562 330 210 936 1132 1425 2881 3691 1857 317 3722 1515 4926 1484 1256 2873 213 908 3215 1750 2253 282 3797 3475 4860 905 4163 2575 1629 4741 4149 4067 2216 313
3501 185 2361 1663 4560 4322 4908 1741 1878 524 3474 356 4566 4020 3437 4204 841 3638 2236 1667 2381 2434
3510 2376 2311 2402 630 2236 1120
4542 4311 3453 105 1012 1637 259 4132 4206 1395 4044 495 4623 3385 1514 957 2824 4400 1411
3560 3285 3113 1005 2004 3063 4664 2029 3022 4444 1287 1781 3205 4780 4715 2110 3565 2411 2936 543
2 4760 4061 169 4514 1786 964 2559 4227 3989 328 774 1522 1062 4939 2713 2143 1639 734 4649 3259 1496 664 4255 4954 4748
455 1255 1404 4971 3524 52 2704 4823 922 2992 896 1211 2278 671 947 152 891 2445 2562 1189 2716 442 3768 2696 3463 4304 3735 818
914 3214 4265 3413 281 2658 901 412 4171 2193 4263 4083 4587 2569 1222 3982 119 454 1507 3340 3536 468
4959 1430
2723 4889 2874 3651 712 3706 1861 3539 3919 552 1877 4324 2918
199 4729 1571 1355 2205 3005 4079
493 2890 32 751 915 4894 2570 961 3300 1006 4600 3845 1056 670 1790 2709
882 2535 3254 4684 2172 3301 1419 3255 640 1698 622 495 2612 706 2568 1555 3580 4650 3731 1591 2094 2164 2386 2576 4418 163 430
1333 592 2120 1451 2258 4389 3218
2318 2906 346 2757 703 3939 4394 4577 4523 3173 4511 578 1431 4714 2331 1946 1211 1978 3257 2333 586 3376 3087 2426 3350 3180 4310 3009 2983 3434 2153 2033 2991
3817 4286 3377 1535 205 755 3210 2510 4357 4007
3063 2028 4757 4038 951 3771 158 1786 574 602 604 2986 3664 3536 3162 4297 2349
3563 54
2202 3532 3600 3704 228 1227 341 4427 2411 2660 3893 2596 3118 535 4242 4262 3753 2891 3557 3283 3410 85 3951 1035 4843
4543 3666 4397 171
1930 1756 12 1370 1197 2607 313 1282 3914 1316 1675 3192
114 3888 264 53 4974 725 1982 274 3188 4206 4809 111 1371 4355 2929 4992 4133 360 2483 2116 2906 3099 3601 4692
2839 4469 3440 3179 4880 4997 241 26 411
4922 3287 4629 3205 1582 2065 1173 2033 2582 4713 2361 3076 3583 4108 1924 4041 4674 301 3799 1992 1752 3748 243 1160 4436 2528 740 3772 1789 4787 1107
2526 4119 3510 4400 2671 3223
130 4109 2011 4385 252 2401 1310 2646 3761 2195 2461 1878 2687 1794 4058 3164 2001 13 4494 1189 888 3635 319 4901 4960 2139 1572 1880 4089 868 4653 1331
4809 3429 2896 2632 3171 4731 3390 3006 937 1143 4499 3879 3138 4398 2401 2794 678 1454 445 3272 16 1940 2830 2533 2586 3007 3227 3877 3820 2079 828 4878 4376 4287 3810 2824 4063 3977 2285
3763 3639 2815 4616 542 2947 846 1245 2494 4928 141 4451 4287 728 4531 661 1240 1026 2799 173 4472 1673 4591 4159 4345 4742 965 4222 1128 1189 2935 1403 188 761
32 3549 2750 1560 124 328 2433 4800 4587 3170 3825 1339 1171 2504 206 1451 4668 1927
3036 3811 627 4472 1433
1827 2120 986 3241 2647 439 4998 3088 1464 763 794 1358 3711 3862 4503 1019 4686 3996 718 64 4154 3291 3154 3384 2091 1028 844 2993 1462 3132 1153 3252 3097 3903 3128
880 461
2679 582 2757 2286 203 471 4014 1898 4022 4881 794 2298 1558
3869 4846 341 181 774 1890 2475 2995 89 885 4959 4240 4469 2674 4319 4388 4883 4782 4907 4355 3808 537 1628 3695 2750 4870 1297 3015
1924 4858 2253 1617 3303 3099 3884 4413 4366 4507 3864 2838 1079 2778 4163 2477 678 727 4389 2313 12 190 3273 3922 1971 3744 1700 209 1835 2054 4561 2155 1136 3633 4945 3298 471 4663 2960 2295
4131 1223 870 691 2229 93 3362 3159 3488 1691 1681 4421 3712 4171 3830 3717 2345 2640 3221
1041 3098 226 4301 3100 326 1589 2576 1344 3471 2162 498 2562 2149 997 4964
2156 1837 3359
1147 2065 2262 3830 3675 3276 3878 570 3382 614 2844 3565 3696 4222 860 2391 430 3185 4105 3326 3660 2420 919 3668
4018 1233 4540 3070 3926 4323 3094 395 3259 421 3939 3511 689 3996 670 3252 1965 2885 2818 1163
1913 4794 661 98 3551 4120 3038 3337 2702 651 4635 634 2404 507 1170 888 948 2525 4766 2840
3080 1533 4703 2817 4967
852 742 49 3354 4529 4638 386 2437 2585 1419 2729 4665 1434 4189 4943 2513 1770 3228 2938 2823 1790 2156 4401 1930 4746 2790 3550 4871 4408 5 4066 4202 4420 1469 3073 4192 2768 3010
2931 1307 740 2788 4323 3323 4479 3864 585 1466 1089 314 994 4633 582 4751 944 264 143 3344 3311 2004 3697 4983 4433 3923 4689 1026 1274 370 4514 4987 2308 1170 3454 2116
1095 3570 2571 980 2089 377 2081 4236 191
2914 1221 2343 4805 459 79 2594 4644 428 1013 3581 4869 1095 3703 1006 1645 3323
1687 1317 787 333 477 1257 2292 1329 4091 2007 3781 4239 2795 3841 3125 2666 4625 126 2332 365 798 1321 2774 3979 3759 4634 2473 2297 66 1365 1264 1029 2922 3035 65 4190 672 4890 2029 476
4733 3227 3599 1288 362 2439 2881 1939 2668 643 4910 4430 3216 4103 3279 4164 1620 3656 3798 1056 1169 4089 2231 3322 3962 3137 3690 1959 4769 4029 166 3261 4333 1762 1656 2238 1142 1594
4227 3109 356 4942 888 3552 1832
4531 2383 4113 2229 3155 2455 4133 3351 2751 4750 4301 3717 2928 3443 3396 3022 4971 3374 2560 4329 1453 3834 1343
4422 1573 2936 3325 2432 2179 4403 4489 1950 2587 2677 3777 4847 2833 1507 326 360 3751 3527 2664 2793 2477 179 414 3238 3950 3994 2323 688 739 3538 1710 3856 927 4948 2271 160
3404 4514 2107 206 2168 356 1182 1942 547 2580 2704 2110 3968 1427 1937 1113 3378 64 2459 73 1833 3977 3101 2749 600 917 881 2914 3814
3178 3325 337 705 2758 367 923 950 185 2534 2004 4809 561 1365 557 65 199 2466 4196
4271 323 645 577 2933 1601 3120
171 4732 4435 4352 48 3898 4774 3541 3751 1300
2497 3466 4049 953 1308 3592
923 3103 1127 1870 655 449 4268 594 3186 2727 4385 923 3567 3716 2008 4039
2704 1606 4566 4171 4771 2921 2895 1811 2027 419 3948 2654 1110 549 2313 4728 2718 4734 3913 4479 4778 3958 1952 1943
1599 324 1792 151 835 3834 4990 2288 4857 1050 4466 1549 2160 352 1254 3184 4282 1908 3980 1058 226 2061 2914 2925 961 3836 4074 2992 524 938 2399 606 4485 1725 3043 4034
1422 3192 2213 46 1809
75 794 189
2107 2829 4641 2116 1170 735 4433 3238 3820 2200 4240 1575 4927 777 4679 2990 4810 626 2695 3384 3694 3800 2589 2102 1818 1503 1905 1848 3169
1470 4135 3193 1147 2499 1134 3289 4487 3564 43 1495 3098 661 362 2401 3934 4830 2293 2284 4709 1392 1169 4435 4099 634 3751 2267
302 3639 4145 4738 4499 4639 344 4069 2876 3263 3523 3865 727 4535 2357 181 139 4078 4650 4038 2235 1126 3487 4187 3166 3159 801 2590 715 1643
790 2966 873 2214 2588 2147 661 467 3434 2562 3431 363 2259 4075 1209 1486 3188 2461 243 1880 2509 2549 3382 2004 3886 3753 1289 2398 2910
1437 1099 2091 1733 1088 921 751 3961 3767 1749 276 2913 447 2970 4547 3086 4693 4968 2046 31 4718 4474 1866 3539 3831 3429 723 4982 3508 116 1513 557 3526 1168 1207 3560 1185 1854 1571 1062
4135 560 339 3864 2452 3139 737 1670 4005 4405 1556 2327 4183 2767 2128 288 4085
674 3676 3673
412 3806 2601 4634 835 3800 4179 216 3430 2494 1631 4902 258 3296 2276 4497 553 1784 880 3080
1120 4185 1322 4159 1803 3724 4222 4133 2170 3774 4539 683
1678 616 4615
553 3541 397 2510 2795 1243 4317 4969 1467 1324 4244 4364 1535 4990 830 3432 3562 3647 3171 4383 4312 3848 4532 2100 1305 3448 4834
4678 2269 3564 2835 2307 140 3378 4391 2132 1269 3005 58 1811 1634 3164 2287 1904 1270 3958 4802 1441 1307 3528 1147 1666 975 1305 4313 1699 1120 4981 3283 2419 4050 2744 2953 4380 3427 4790 3454
4016 737
462 291 3186 1195 637 3401 2030 3662
355 512 955 952 2421 1384 2630 4531 4339 1444 1720 1571 2298 3560 1798 901 4946 54 3175 2993 1971 1830 3624 4372 1972 3240 1079 4950 4591 1558 4965 2489 2951 1769 4479 750 3256 4182 1360
4681 131 451 1836 2903 914 167 846 2362 1893 1848 4559 331 3847 4375 1342 1528 3720 1980 3316 646 2619 3020 1880 1475 1210 44 755 1476 3658 4509 3746 4024 2406
3237 1391 629 3771 3785 4617 1679 4641
291 3776 3029 4302 614 2693 3656 3960 3235 2372 3059 4236 4638
3515 1451
4969 3279 363 2856 1381 311 1283 4275 109 2447 2333 4959 1026 810 4355 2149 3267 4120 1253 1540
261 3053 3526 3256 1765 4049 4567 3461 1648 4611 2968 2859 3718 3235 3253 4370 2580 1020 4616 4497 1922 4563 1034 3487 194 599 4600 1610 2455 2256
3503 1801 730 1636
3995 4538 646 4548 1810 1394 3828 2108 809 4009 1168 262 3612 4746 4342 4073 3584 3623 1003 1078
4114 3889 2914 4736 1130 2339 3758 4431 2721 4967 234 3731 937 69 4252 4572 789 1753 2180 2784 2618 4553 2528 2371 722 3457 105 2362 4717
4603 596 1180 836 2554 2834 3072 1684 2095 3376 4557 1899 1130 4979 1637 3507 2699 399 2196 2063 2696
2977 1832 2296 1371 3887 2040 3689 333 1341 1590 2431 293
1436 170 969 4580 4761 1032 3637 4965 2302 1504 3664 110 3280 1334 2764 954 1379 2834 3088 46 3214 3124 1138 4215 2208 994 1232 4561 1016 2834 785 4708
1568 446 3011 3255 4620 3750 760 1754 3722 4020 2248 3831 1394 2839 3371 3481 14 1347 4267 2118 2805 2255 1756 1813 2045 2815 3400 916 1344 4522 4597 259 4851 491 4040 2603 768
2040 4889 3765 4902 543 4083 3787 4567 1146 3341 3750 2790 4777 1393 2943 3554 4271 3888 1956 4948 308 2379 2976 4840 649
127 730 2236 2746 840 1973 4688 2546 4414 4472 167 4194 1792 3901 1749 2395 4525 1820 3269 3513 623 2707 2963 458 157 2053 4012 982 2947 1813 3258 3941 320 2284 862 2690 2767
1470 1143 2578 1016 1812 3893 1740 3375 1449 3484 534 4296 4680 2145 1522 568 1428 1942 313 3485 4865 1081 2333 145 2852 3912 3480 2749 1956 3472 1008 2423 3989 374 4499 1605 2782
4672 4992 4365 3597 2165 977 1641 2793 303 3273 4300 227
4190 892 1624 386 545 1219 3489 4472 3748 3822 2396 399 750 610
2821 4551 1583 4994 488 1761 1101 2555 3904 3030 286 3511 1679 1603 3474 2994 2704 334 3864 2045 3016 2452 587 1333 1634
4106 260 3205 1507 3611 2232 1918 936 33 885 1124 3799 479 1700 301 3571 2370 1873 1898 252 1890 2251 1601 2418 3738 3911 441 1967 4523 1830 1881 4526 3406 1338 1997 3284 624 2558 2878
3727 4360 4455 3155 1727 1805 4495 4061 4743 3170 402 4252 2702 4286 128 2282 440
2311 1411 1314 4353 1813 1272 3471 1551 4338 4727 1350 1815 481 3495 2866 427 4839 3617 4041 2298 1048 155 3828 4408 1275 2375 1364 4598 103 3685 2487 1510 3965 1635 1207 12 617 1181 4437 4041
4323 2510 1694 1232 1281 1118 4932 3744 4471 824 2485 3590 757 1238 4923 3342 3926 3157 4462 1837 4455 4977 3185 3795 4964 297 3009 3491 2294 4280 325 245 3596 621 937 936 4013 3000 3393
4172 4285 1129 3501 2168 4513 2179 4024 2013 3196 4179 2671 4002 618 900 1626 3540 1044 3733 3039 3029 3218 4548 4305 4345 1211 4606 4713 1234
3429 1692 2376 1441 2240 119 3781 1239 331 3233 2506 2153 607 467 560 402 1091 41 3047 3966 310 3076 3805 2057 523 479 841 1599 2769 4890 3649 405 1487 4088
1214 2839 1323 2072 3557 402 3400 364 3785 2066 2519 4495 4867 3086 4897 1413 878 1539 1733 1726 4625 1649
3138 1157 1688 208 1294 209 3456 1298 2295 81 791 1937 580 4183 1708 2116 3343 2008 663 911 1115 4954 4126 4228 1121 2778 429
3808 968 632 3692 4909 2749 3235 2417 1015 1954 2562 1036 2667 4152 3828 4576 2440 4969 672 390 4656 4957 411
986 3778 347 86 3122 3923 400 4982 711 959 2045 1942 2610 353 1567 976 1280 45 3526 1805 1037 359
4472 2139 2024 3979 3457 1373 2407 1141 2696 2564 2406 748 2971 4827 2875 3068 4852 873 502 1692 3250 1157 4673 2293 4430 2139 3943 447 23 4325 2677 3461 1249 3159
3049 409 190 2778 4720 820 4691 765 1584 1206 3904 1719 3286 1915 3763 683 2039 447 4553 4237 4915 3777 908 1484
1949 3588 2991 789 2753 2179 3706 853 2972 3627 3342 1905 1579 2179 193 1261 4291 3402 2065 3537 4779 866 3274 2794 4294 3163 2392 1296 3368 618 4643 3439
4395 3177 670 2850 1941 1792 3750 93 1608 3186 3014 4127 1143 4219 2929 4435 116 709 909 11 4000 4861 986 3318 4313 3942 1009 2663 3974 807
3248 4843 2888 2682 2745 4049 1064 2943
2080 1228 3273 3272 4173 4616 2771 1210 2831 3061 1147 4982
8 151 4919 2375 4947 2420 3854 2300 2534 1016 281 902 2320 544 224 4873 2865 2808 4444
1150 4963 1437 148 4469 3307 179 2042 268 1572 2461 4977 4142 1626 713 2170 1380 3691 4662 3373 4428 689 2882
2252 3463 2065 3 2673 758 2780 3716 2003 3850 1367 3232 448 1379 2442 1867 3757 2261 2869 2282 680 4996 395 4846 3454 208
394 3637 520 1298
4380 1708 1609 350 2328 2992 2906 1030 1749 399 2574 287 2195 251 3556 915 4247 572 1229 1199 4856 504 263 2480 683 3318 4925 1338 327 594 903 978
642 4160 3095
1462 4747 2305 626 3956 4973 187 3086 3526
4637 3769 2284 2276 1184 3082 2612 4564 207 2167 3252
1131 3591 515 4233 2927 500 4244 4514 4369 1617 4167 3579 747 1223 381 205
1953 1590 689 2511 2141 4534 3648 3188 1568 4656 1086 4395 195 4478 3081 183 2317 2893 2608 2321 3023
2346
3874 3927 3262 1484 377 902 1383 774 2416 2054 4640 4345 3011 3907 2898 3848 612 3340 4869 41 71 3378 229 1768 2436 1492 1966 300 3153 2724 2558 3135 2127
949 2388 1681 2324 4658 4080 4957 3021 1424 4686 140 628 2897 845 3819 175 2633 4340 977 4329
2516 4475 2692 4061 3879 4040 3452 493 868 4729 1378 3527 536 3144 480 3601 3499 4420 4556 4018 1417
2246 4331 4762
1236 2834 4751 4707
698 1184 3679 687 4156 4797 3942
2952 4988 263 2891 1610 4782 2559 864 3582 166 3128 1521 1878 2412 41 845 274 2795 2653 1259 520 2052 4283 3848 1936 1921 4906 1649 3922 1421 2475 706 1905 586 88 4928 656 343 43 295
4797 4690 2528 737 3989 1611 4079 4597 3055 605 3063 2953 3517 114 1451 1618
333 1183 4062 1318 3318 1879 2525 858 355 4790 4503 4257 1870 4609 3770 3107 3000 706 2213 2298 4262 1833 2601 4576 3176 4650
3773 2079 0 3486 789 3842 4457 2163 4932 2996 1829 4526 3968 629 3300 2569 4854 3042 4515 1729 1839 1434 2671 3694 120 3673 2517 1401 1153 103 3102 2778 4101 70 2390 4241
702 494 476 2386 2571 2337 3177 440 42 4860 834 4507 3326 2557 752 3392 1765 1466 2304 2380 2912 1907 3260 2699 3861 3790 558 1296 3513 3091 1337 1812 4533 3786 3240
868 4751 440 1133 4145 650 4852 4632 3579 760 4037 3176 4739 1607 4268 1245 40 1767 3152 3597 1350 2484 549 2591 2185 2189 4895 4579 2651
215 2340 401 4185 289 261 4168 152 4447 1079 1546 2411 120 2164 2640 1316 3483 272 1165 1383 4002 1345 3268 2792 808 112 1565 3938 4885 4526 3353 3308 439 2172
3191 3146 4671 908 4032 51 1824 4300 1986 1290 2073 3803 4534 2744 734
3942 1908 818 1579 2616 1563 1996 3938
3003 2633 2129 1378 4327 3310 4783 1534 4805 3179 3741 3342 3913 731 947 2498 2939 410 4733 423 4105 2538 4438
3765 1950 3626 1384 4556 955
455 4191 3556 4294 4974 326 924 3595 2305 152 3443 1256 1483 3012 464 973
1369 786 45 3805 4914 4259 3952 3993 3450 3722 4219 3070 544 1851 3029 2920 1977 152 4934 3833 3443 2723 2457 1352 908 1649 323 4999 3184 4588 3010 3701
2150 2125 4208 4822 1036
25 4653 629 3006 643 2954 1163 3916 3337 3203 245 1258 877 1550 2196 2902 3976 4639
579 1676 1436 3358 1590 1911 676 2496 3260 809 1045 3358 1505 1305 2451 2352 1276 2429 3166 4007 244 3860 2685 161 4115 4278
1201 3616 1641 2059 2463 3191 492 1892 1600 897 400 4662 4360 3023 999 542 351 2890 27 3968 930 4326 3187 4564 4945 4082 4432 1181 4148 4291 2489 828 1405 308 1803
3792 2349 2720 1688 796 67 3437 3519 3909 4024 2540 2574 2966 4347 2442 3732 4598 1005 260 1806 1918 4270 1686 3674 3455 1187
819 3127 178 3679 752 2000 1345 4853 199 4221 1218 1830 349 3380 3081 4519 4498 4429 1181 4089 953 3371 1343 2516 513
2376 3126 522 2837 2612 3431 400 1922 220 3463 276 392 1875 1491 4355 2629 66 4589 2760 4864 1252 3674 4333 254 3516 1538 4450 401
4513
1144 2018 3396 4850 4883 458 1152
3564 4024 1573 2203 981 993 2177 323 2501 3272 4827 3498 4354 3095 4416 3457 169 1120 393 3905 1202 3565 4985 4929 1884 1159
1947 3458 3001 21 3179 4846 4765 4411 3732 2705 1936 3408 3939 1186 3861 2105 4940 2555 2700 2227 577 3400 1650 1336 421 211 3193
2677 4339 2129 2582 572 796 2987 1583 91 4593 3861 992 1545 1699 1134 834 3008
